1 32 17
2 41 61
3 86 13
4 6 87
5 39 46
6 16 92
7 44 36
8 76 33
9 92 20
10 62 89
11 68 65
12 85 43
13 78 42
14 82 5
15 97 94
16 26 29
17 31 91
18 73 10
19 69 82
20 61 86
21 86 73
22 44 56
23 89 46
24 27 9
25 74 10
26 44 98
27 5 89
28 9 73
29 94 33
30 89 18
31 44 48
32 62 37
33 34 54
34 34 64
35 92 54
36 56 88
37 39 51
38 23 9
39 36 36
40 90 60
41 53 81
42 15 87
43 86 22
44 71 73
45 74 1
46 74 68
47 60 97
48 80 92
49 3 76
50 64 62
51 96 40
52 52 89
53 77 92
54 92 87
55 10 47
56 57 63
57 12 5
58 83 19
59 38 97
60 48 56
61 3 99
62 98 27
63 10 46
64 13 63
65 54 30
66 97 52
67 59 30
68 64 24
69 30 77
70 41 78
71 53 20
72 26 49
73 63 34
74 71 18
75 4 66
76 17 17
77 49 6
78 98 4
79 1 20
80 49 44
81 15 1
82 11 50
83 59 23
84 65 10
85 49 24
86 75 38
87 87 89
88 8 98
89 24 16
90 82 38
91 23 42
92 83 82
93 45 98
94 65 62
95 74 66
96 58 53
97 16 13
98 8 22
99 69 87
100 21 99
101 1 71
102 96 28
103 21 95
104 67 53
105 17 41
106 92 57
107 31 70
108 10 77
109 97 51
110 38 74
111 8 77
112 40 66
113 6 85
114 15 89
115 73 43
116 43 68
117 90 84
118 8 76
119 66 22
120 81 58
121 98 2
122 60 97
123 93 21
124 0 29
125 16 60
126 22 95
127 61 45
128 97 66
129 85 10
130 11 58
131 4 70
132 67 22
133 97 0
134 54 64
135 88 64
136 28 28
137 4 93
138 75 66
139 52 17
140 80 85
141 75 90
142 39 65
143 24 39
144 36 21
145 72 61
146 82 81
147 13 40
148 65 36
149 56 82
150 77 44
151 79 14
152 1 39
153 33 23
154 13 30
155 17 71
156 19 58
157 90 48
158 95 28
159 13 4
160 92 91
161 91 19
162 95 34
163 62 77
164 69 8
165 44 7
166 98 70
167 54 77
168 40 40
169 41 60
170 32 1
171 57 61
172 77 4
173 28 86
174 80 92
175 74 90
176 77 52
177 87 30
178 3 24
179 39 37
180 30 47
181 3 77
182 29 66
183 74 11
184 95 98
185 69 97
186 87 62
187 36 24
188 68 14
189 42 16
190 86 93
191 20 2
192 55 53
193 61 83
194 70 20
195 97 17
196 99 82
197 83 57
198 4 11
199 95 87
200 18 61
201 94 45
202 67 9
203 65 76
204 54 36
205 23 68
206 55 4
207 93 78
208 39 91
209 37 16
210 27 10
211 25 89
212 30 95
213 12 32
214 40 50
215 40 85
216 68 52
217 7 51
218 62 17
219 84 58
220 65 26
221 85 57
222 50 56
223 47 89
224 19 15
225 46 43
226 47 82
227 38 56
228 12 82
229 92 97
230 21 36
231 96 1
232 51 80
233 12 38
234 52 37
235 61 7
236 40 18
237 71 84
238 50 86
239 58 69
240 8 56
241 45 15
242 46 29
243 90 38
244 27 37
245 16 65
246 2 89
247 38 90
248 81 85
249 49 75
250 24 16
251 24 52
252 95 18
253 87 59
254 73 19
255 62 61
256 19 78
257 48 91
258 14 85
259 21 76
260 25 62
261 17 6
262 49 85
263 78 32
264 69 0
265 52 66
266 9 35
267 15 29
268 18 30
269 59 50
270 20 61
271 11 1
272 63 58
273 99 51
274 67 74
275 20 67
276 36 0
277 32 4
278 93 67
279 31 15
280 31 46
281 16 72
282 48 84
283 67 37
284 87 3
285 10 56
286 50 28
287 64 11
288 71 89
289 49 21
290 19 99
291 18 22
292 95 95
293 1 48
294 17 85
295 23 55
296 29 44
297 7 49
298 84 53
299 13 96
300 10 98
301 76 6
302 71 94
303 90 34
304 49 5
305 81 29
306 93 42
307 3 51
308 1 78
309 85 39
310 61 59
311 5 34
312 30 57
313 81 18
314 74 51
315 9 52
316 95 93
317 29 84
318 65 68
319 11 80
320 48 40
321 40 86
322 41 99
323 64 64
324 96 75
325 11 28
326 60 62
327 6 61
328 92 58
329 38 54
330 29 50
331 90 94
332 45 95
333 43 73
334 32 94
335 56 7
336 62 1
337 98 89
338 1 37
339 53 12
340 71 43
341 40 76
342 99 37
343 4 64
344 79 15
345 96 8
346 83 55
347 51 97
348 73 98
349 67 32
350 65 75
351 49 17
352 58 75
353 46 50
354 74 71
355 83 41
356 97 25
357 65 40
358 98 35
359 22 4
360 96 13
361 95 45
362 78 96
363 50 96
364 46 45
365 40 96
366 40 21
367 21 88
368 20 53
369 3 54
370 21 76
371 38 73
372 80 40
373 27 86
374 24 73
375 55 14
376 50 92
377 21 13
378 81 48
379 35 80
380 54 32
381 18 96
382 43 30
383 41 24
384 25 89
385 57 37
386 1 13
387 20 19
388 42 91
389 63 23
390 17 27
391 12 62
392 39 11
393 54 37
394 25 74
395 0 14
396 2 26
397 34 9
398 12 84
399 79 30
400 45 73
401 29 91
402 12 89
403 11 7
404 26 97
405 71 66
406 56 40
407 96 41
408 63 41
409 49 32
410 71 95
411 65 80
412 29 14
413 79 32
414 12 72
415 91 16
416 65 35
417 58 92
418 76 38
419 68 43
420 27 56
421 11 17
422 41 62
423 94 84
424 58 82
425 35 51
426 2 83
427 77 53
428 51 74
429 8 79
430 27 47
431 29 22
432 40 78
433 17 57
434 40 25
435 36 94
436 48 24
437 19 84
438 96 15
439 6 1
440 63 1
441 40 46
442 34 80
443 41 92
444 27 73
445 75 7
446 86 93
447 77 70
448 63 25
449 51 25
450 0 79
451 93 92
452 79 33
453 54 11
454 14 74
455 89 46
456 2 96
457 41 66
458 59 42
459 74 63
460 54 86
461 88 63
462 3 32
463 8 42
464 69 0
465 40 57
466 58 51
467 14 72
468 4 18
469 68 39
470 3 85
471 32 3
472 0 94
473 42 69
474 7 7
475 83 84
476 86 48
477 91 57
478 56 44
479 75 79
480 55 32
481 89 72
482 97 91
483 65 28
484 32 78
485 0 97
486 78 2
487 52 3
488 15 57
489 76 70
490 40 92
491 70 93
492 75 21
493 72 61
494 76 21
495 17 10
496 32 82
497 36 95
498 85 59
499 17 93
500 49 63
